{
  "advancedEditorSelectedIdentifier" : "ProjectBrowser",
  "openSceneRelativePaths" : [
    "Scene.usda",
    "Immersive.usda",
    "Whatever.usda",
    "BananaTest.usda",
    "hooptest.usda"
  ],
  "recentIdentifiers" : {
    "1E0788FF-5E23-494B-BF03-1218EBF19B2B" : [

    ],
    "CD11C75A-51EC-49FE-9A95-B92389BD0ABF" : [

    ]
  },
  "sceneCameraHistory" : {
    "1E0788FF-5E23-494B-BF03-1218EBF19B2B" : [
      {
        "date" : 738373339.287585,
        "title" : "Untitled",
        "transform" : [
          0.7579188,
          3.0993593e-08,
          -0.65234894,
          0,
          -0.08164261,
          0.9921377,
          -0.0948548,
          0,
          0.64721996,
          0.12515171,
          0.7519597,
          0,
          4.1729846,
          1.8971691,
          4.828769,
          1
        ]
      },
      {
        "date" : 738373336.771952,
        "title" : "Untitled",
        "transform" : [
          0.7579187,
          3.6095578e-08,
          -0.6523489,
          0,
          -0.08164261,
          0.99213773,
          -0.0948548,
          0,
          0.64721996,
          0.12515171,
          0.7519597,
          0,
          4.137157,
          2.1553693,
          4.706362,
          1
        ]
      },
      {
        "date" : 738373219.051464,
        "title" : "Untitled",
        "transform" : [
          0.75399196,
          2.627786e-08,
          -0.65688354,
          0,
          -0.297634,
          0.8914597,
          -0.3416338,
          0,
          0.58558524,
          0.45310006,
          0.6721535,
          0,
          10.762432,
          13.750877,
          12.154972,
          1
        ]
      },
      {
        "date" : 738373210.405541,
        "title" : "Untitled",
        "transform" : [
          0.75399196,
          2.627786e-08,
          -0.65688354,
          0,
          -0.297634,
          0.8914597,
          -0.3416338,
          0,
          0.58558524,
          0.45310006,
          0.6721535,
          0,
          25.255638,
          24.964516,
          28.790333,
          1
        ]
      },
      {
        "date" : 738373208.236736,
        "title" : "Untitled",
        "transform" : [
          0.75399196,
          2.627786e-08,
          -0.65688354,
          0,
          -0.297634,
          0.8914597,
          -0.3416338,
          0,
          0.58558524,
          0.45310006,
          0.6721535,
          0,
          27.165947,
          29.16763,
          24.292732,
          1
        ]
      },
      {
        "date" : 738368455.702486,
        "title" : "Untitled",
        "transform" : [
          0.75399196,
          2.627786e-08,
          -0.65688354,
          0,
          -0.297634,
          0.8914597,
          -0.3416338,
          0,
          0.58558524,
          0.45310006,
          0.6721535,
          0,
          0.48014286,
          0.49278253,
          0.57929885,
          1
        ]
      },
      {
        "date" : 738367834.851482,
        "title" : "Untitled",
        "transform" : [
          0.7539919,
          8.579304e-09,
          -0.6568836,
          0,
          -0.29763404,
          0.8914597,
          -0.3416338,
          0,
          0.5855853,
          0.45310003,
          0.67215353,
          0,
          0.40295744,
          0.43289864,
          0.49442887,
          1
        ]
      },
      {
        "date" : 738367770.977379,
        "title" : "Untitled",
        "transform" : [
          0.9639949,
          3.7787746e-09,
          -0.26592046,
          0,
          -0.08804347,
          0.9435994,
          -0.3191685,
          0,
          0.2509224,
          0.33108938,
          0.9096251,
          0,
          0.16788255,
          0.3449319,
          0.6771993,
          1
        ]
      },
      {
        "date" : 738367764.123559,
        "title" : "Untitled",
        "transform" : [
          0.99999994,
          0,
          -0,
          0,
          -0,
          0.877429,
          -0.4797065,
          0,
          0,
          0.4797065,
          0.877429,
          0,
          -0.014929232,
          0.4518232,
          0.6367716,
          1
        ]
      },
      {
        "date" : 738367752.664902,
        "title" : "Untitled",
        "transform" : [
          0.99999994,
          0,
          -0,
          0,
          -0,
          0.877429,
          -0.4797065,
          0,
          0,
          0.4797065,
          0.877429,
          0,
          -0.014928081,
          0.4516408,
          0.6366476,
          1
        ]
      }
    ],
    "A77E8D0C-3D8F-490E-AA8C-7C57C5CCCC4A" : [
      {
        "date" : 738471043.299163,
        "title" : "Untitled",
        "transform" : [
          0.97977793,
          3.52698e-08,
          -0.20008798,
          0,
          -0.10008922,
          0.865895,
          -0.4901103,
          0,
          0.17325516,
          0.5002259,
          0.84838474,
          0,
          0.007959367,
          0.027927198,
          0.03890822,
          1
        ]
      },
      {
        "date" : 738471035.5186,
        "title" : "Untitled",
        "transform" : [
          0.97977793,
          3.3721996e-08,
          -0.20008798,
          0,
          -0.100089215,
          0.865895,
          -0.49011028,
          0,
          0.17325515,
          0.5002259,
          0.8483848,
          0,
          0.08252238,
          0.23824136,
          0.40408835,
          1
        ]
      },
      {
        "date" : 738470977.037406,
        "title" : "Untitled",
        "transform" : [
          0.9797778,
          2.490256e-08,
          -0.20008795,
          0,
          -0.11548837,
          0.81661135,
          -0.56551594,
          0,
          0.16339408,
          0.5771879,
          0.80009776,
          0,
          0.06068314,
          0.21887569,
          0.29646787,
          1
        ]
      },
      {
        "date" : 738470957.563243,
        "title" : "Untitled",
        "transform" : [
          0.9999984,
          2.2658131e-08,
          0.001767394,
          0,
          1.1239562e-05,
          0.9999797,
          -0.0063722073,
          0,
          -0.0017673584,
          0.0063722176,
          0.9999781,
          0,
          -0.0005185722,
          0.007349124,
          0.37055728,
          1
        ]
      },
      {
        "date" : 738470952.617219,
        "title" : "Untitled",
        "transform" : [
          0.9999984,
          2.2619629e-08,
          0.0017674002,
          0,
          1.1239524e-05,
          0.9999797,
          -0.006372246,
          0,
          -0.0017673521,
          0.0063721784,
          0.9999781,
          0,
          -0.0010226362,
          0.004587427,
          0.60128224,
          1
        ]
      },
      {
        "date" : 738470944.128315,
        "title" : "Untitled",
        "transform" : [
          0.99829036,
          2.2562004e-08,
          -0.058451332,
          0,
          -0.030772341,
          0.8501995,
          -0.5255605,
          0,
          0.049695294,
          0.5264606,
          0.84874594,
          0,
          0.030050797,
          0.31793576,
          0.51255214,
          1
        ]
      },
      {
        "date" : 738470920.768325,
        "title" : "Untitled",
        "transform" : [
          0.039207257,
          2.3574383e-08,
          -0.9992311,
          0,
          -0.27500597,
          0.961382,
          -0.010790507,
          0,
          0.9606428,
          0.27521753,
          0.037693154,
          0,
          0.5801324,
          0.16621073,
          0.022722812,
          1
        ]
      },
      {
        "date" : 738470905.250615,
        "title" : "Untitled",
        "transform" : [
          0.020135107,
          2.3820373e-08,
          -0.9997973,
          0,
          -0.42505464,
          0.9051272,
          -0.00856024,
          0,
          0.90494376,
          0.42514083,
          0.018224837,
          0,
          0.5464939,
          0.2567491,
          0.01096588,
          1
        ]
      },
      {
        "date" : 738470901.384687,
        "title" : "Untitled",
        "transform" : [
          0.020135209,
          2.6950795e-08,
          -0.9997972,
          0,
          -0.42505473,
          0.9051273,
          -0.008560268,
          0,
          0.9049438,
          0.42514083,
          0.01822493,
          0,
          0.54082304,
          0.25408274,
          0.0108499965,
          1
        ]
      },
      {
        "date" : 738470883.401455,
        "title" : "Untitled",
        "transform" : [
          0.9903345,
          2.7583784e-08,
          -0.1386997,
          0,
          -0.050236706,
          0.9321013,
          -0.3586966,
          0,
          0.12928218,
          0.36219746,
          0.9230921,
          0,
          0.07730442,
          0.21646583,
          0.55166274,
          1
        ]
      }
    ],
    "AF09ED6F-1707-48FD-8720-65B998362C09" : [
      {
        "date" : 737950236.265485,
        "title" : "Untitled",
        "transform" : [
          1,
          0,
          -0,
          0,
          -0,
          0.86602485,
          -0.50000095,
          0,
          0,
          0.50000095,
          0.86602485,
          0,
          -0.49833477,
          1.7660732,
          -1.0351934,
          1
        ]
      },
      {
        "date" : 737950234.804522,
        "title" : "Untitled",
        "transform" : [
          1,
          0,
          0,
          0,
          0,
          0.86602485,
          -0.50000095,
          0,
          0,
          0.50000095,
          0.86602485,
          0,
          0.017102763,
          2.3303313,
          1.1663265,
          1
        ]
      },
      {
        "date" : 737791423.234352,
        "title" : "Untitled",
        "transform" : [
          1,
          0,
          -0,
          0,
          -0,
          0.86602485,
          -0.50000095,
          0,
          0,
          0.50000095,
          0.86602485,
          0,
          0,
          3.3737378,
          3.7261465,
          1
        ]
      }
    ],
    "CD11C75A-51EC-49FE-9A95-B92389BD0ABF" : [
      {
        "date" : 738473112.817129,
        "title" : "Untitled",
        "transform" : [
          -0.95014864,
          2.006602e-07,
          -0.31179738,
          0,
          -0.2318052,
          0.66879296,
          0.7063868,
          0,
          0.208528,
          0.74344873,
          -0.6354526,
          0,
          -0.3275473,
          1.443275,
          -2.0524337,
          1
        ]
      },
      {
        "date" : 738473052.971486,
        "title" : "Untitled",
        "transform" : [
          -0.95014864,
          2.006602e-07,
          -0.31179738,
          0,
          -0.2318052,
          0.66879296,
          0.7063868,
          0,
          0.208528,
          0.74344873,
          -0.6354526,
          0,
          -0.2985041,
          1.3958952,
          -2.0983348,
          1
        ]
      },
      {
        "date" : 738473039.855106,
        "title" : "Untitled",
        "transform" : [
          -0.95014864,
          2.006602e-07,
          -0.31179738,
          0,
          -0.2318052,
          0.66879296,
          0.7063868,
          0,
          0.208528,
          0.74344873,
          -0.6354526,
          0,
          -2.5569344,
          1.9717647,
          -2.1657147,
          1
        ]
      },
      {
        "date" : 738473029.930963,
        "title" : "Untitled",
        "transform" : [
          -0.962018,
          2.006602e-07,
          -0.27298617,
          0,
          -0.20295107,
          0.66879296,
          0.71521103,
          0,
          0.18257135,
          0.74344873,
          -0.6433908,
          0,
          -3.057484,
          0.33426085,
          -0.7807886,
          1
        ]
      },
      {
        "date" : 738472780.836927,
        "title" : "Untitled",
        "transform" : [
          -0.962018,
          2.2753626e-07,
          -0.27298617,
          0,
          -0.20295107,
          0.6687929,
          0.71521115,
          0,
          0.18257137,
          0.74344873,
          -0.6433907,
          0,
          0.17020588,
          0.6523563,
          -1.5517212,
          1
        ]
      },
      {
        "date" : 738471438.063266,
        "title" : "Untitled",
        "transform" : [
          -0.9720075,
          2.3386487e-07,
          -0.23494996,
          0,
          -0.20881905,
          0.45833138,
          0.8639022,
          0,
          0.107685134,
          0.88878137,
          -0.44550142,
          0,
          0.05835484,
          1.0214721,
          -1.3474298,
          1
        ]
      },
      {
        "date" : 738471436.560245,
        "title" : "Untitled",
        "transform" : [
          -0.99090624,
          2.3386487e-07,
          -0.13455436,
          0,
          -0.1195893,
          0.45833138,
          0.88069904,
          0,
          0.06167069,
          0.88878137,
          -0.4541633,
          0,
          -0.026895415,
          0.55502087,
          -1.1190302,
          1
        ]
      },
      {
        "date" : 738471422.221506,
        "title" : "Untitled",
        "transform" : [
          -0.99090624,
          2.3386487e-07,
          -0.13455436,
          0,
          -0.1195893,
          0.45833138,
          0.88069904,
          0,
          0.06167069,
          0.88878137,
          -0.4541633,
          0,
          -0.9698119,
          4.0976477,
          -2.5335853,
          1
        ]
      },
      {
        "date" : 738471414.819983,
        "title" : "Untitled",
        "transform" : [
          -0.99090624,
          2.3386487e-07,
          -0.13455436,
          0,
          -0.1195893,
          0.45833138,
          0.88069904,
          0,
          0.06167069,
          0.88878137,
          -0.4541633,
          0,
          -2.7652516,
          1.8592813,
          -0.9412425,
          1
        ]
      },
      {
        "date" : 738471406.297577,
        "title" : "Untitled",
        "transform" : [
          -0.9974458,
          2.3386484e-07,
          -0.071426265,
          0,
          -0.06348223,
          0.45833132,
          0.88651127,
          0,
          0.032737114,
          0.88878137,
          -0.45716068,
          0,
          -3.3245416,
          0.90882534,
          -0.7645802,
          1
        ]
      }
    ],
    "D66134B1-3681-4A8E-AFE5-29F257229F3B" : [
      {
        "date" : 737791750.95176,
        "title" : "Untitled",
        "transform" : [
          0.99999994,
          0,
          -0,
          0,
          -0,
          0.8660255,
          -0.49999988,
          0,
          0,
          0.49999988,
          0.8660255,
          0,
          0,
          0.19775362,
          0.34271935,
          1
        ]
      }
    ]
  },
  "selectedSceneRelativePath" : "hooptest.usda"
}