{
  "advancedEditorSelectedIdentifier" : "ProjectBrowser",
  "openSceneRelativePaths" : [
    "Whatever.usda",
    "hooptest.usda"
  ],
  "recentIdentifiers" : {
    "1E0788FF-5E23-494B-BF03-1218EBF19B2B" : [

    ],
    "A77E8D0C-3D8F-490E-AA8C-7C57C5CCCC4A" : [

    ],
    "CD11C75A-51EC-49FE-9A95-B92389BD0ABF" : [

    ]
  },
  "sceneCameraHistory" : {
    "1E0788FF-5E23-494B-BF03-1218EBF19B2B" : [
      {
        "date" : 738373339.287585,
        "title" : "Untitled",
        "transform" : [
          0.7579188,
          3.0993593e-08,
          -0.65234894,
          0,
          -0.08164261,
          0.9921377,
          -0.0948548,
          0,
          0.64721996,
          0.12515171,
          0.7519597,
          0,
          4.1729846,
          1.8971691,
          4.828769,
          1
        ]
      },
      {
        "date" : 738373336.771952,
        "title" : "Untitled",
        "transform" : [
          0.7579187,
          3.6095578e-08,
          -0.6523489,
          0,
          -0.08164261,
          0.99213773,
          -0.0948548,
          0,
          0.64721996,
          0.12515171,
          0.7519597,
          0,
          4.137157,
          2.1553693,
          4.706362,
          1
        ]
      },
      {
        "date" : 738373219.051464,
        "title" : "Untitled",
        "transform" : [
          0.75399196,
          2.627786e-08,
          -0.65688354,
          0,
          -0.297634,
          0.8914597,
          -0.3416338,
          0,
          0.58558524,
          0.45310006,
          0.6721535,
          0,
          10.762432,
          13.750877,
          12.154972,
          1
        ]
      },
      {
        "date" : 738373210.405541,
        "title" : "Untitled",
        "transform" : [
          0.75399196,
          2.627786e-08,
          -0.65688354,
          0,
          -0.297634,
          0.8914597,
          -0.3416338,
          0,
          0.58558524,
          0.45310006,
          0.6721535,
          0,
          25.255638,
          24.964516,
          28.790333,
          1
        ]
      },
      {
        "date" : 738373208.236736,
        "title" : "Untitled",
        "transform" : [
          0.75399196,
          2.627786e-08,
          -0.65688354,
          0,
          -0.297634,
          0.8914597,
          -0.3416338,
          0,
          0.58558524,
          0.45310006,
          0.6721535,
          0,
          27.165947,
          29.16763,
          24.292732,
          1
        ]
      },
      {
        "date" : 738368455.702486,
        "title" : "Untitled",
        "transform" : [
          0.75399196,
          2.627786e-08,
          -0.65688354,
          0,
          -0.297634,
          0.8914597,
          -0.3416338,
          0,
          0.58558524,
          0.45310006,
          0.6721535,
          0,
          0.48014286,
          0.49278253,
          0.57929885,
          1
        ]
      },
      {
        "date" : 738367834.851482,
        "title" : "Untitled",
        "transform" : [
          0.7539919,
          8.579304e-09,
          -0.6568836,
          0,
          -0.29763404,
          0.8914597,
          -0.3416338,
          0,
          0.5855853,
          0.45310003,
          0.67215353,
          0,
          0.40295744,
          0.43289864,
          0.49442887,
          1
        ]
      },
      {
        "date" : 738367770.977379,
        "title" : "Untitled",
        "transform" : [
          0.9639949,
          3.7787746e-09,
          -0.26592046,
          0,
          -0.08804347,
          0.9435994,
          -0.3191685,
          0,
          0.2509224,
          0.33108938,
          0.9096251,
          0,
          0.16788255,
          0.3449319,
          0.6771993,
          1
        ]
      },
      {
        "date" : 738367764.123559,
        "title" : "Untitled",
        "transform" : [
          0.99999994,
          0,
          -0,
          0,
          -0,
          0.877429,
          -0.4797065,
          0,
          0,
          0.4797065,
          0.877429,
          0,
          -0.014929232,
          0.4518232,
          0.6367716,
          1
        ]
      },
      {
        "date" : 738367752.664902,
        "title" : "Untitled",
        "transform" : [
          0.99999994,
          0,
          -0,
          0,
          -0,
          0.877429,
          -0.4797065,
          0,
          0,
          0.4797065,
          0.877429,
          0,
          -0.014928081,
          0.4516408,
          0.6366476,
          1
        ]
      }
    ],
    "A77E8D0C-3D8F-490E-AA8C-7C57C5CCCC4A" : [
      {
        "date" : 738801070.991185,
        "title" : "Untitled",
        "transform" : [
          0.99894786,
          2.425607e-08,
          0.045859504,
          0,
          0.026642518,
          0.8139321,
          -0.58034873,
          0,
          -0.037326545,
          0.58096,
          0.81307584,
          0,
          -0.00096067484,
          0.016532458,
          0.025365138,
          1
        ]
      },
      {
        "date" : 738801068.063676,
        "title" : "Untitled",
        "transform" : [
          0.9989479,
          2.6655293e-08,
          0.045859504,
          0,
          0.026642518,
          0.81393206,
          -0.58034885,
          0,
          -0.037326533,
          0.58096004,
          0.81307566,
          0,
          -0.0009606781,
          0.01653245,
          0.02536513,
          1
        ]
      },
      {
        "date" : 738801065.602131,
        "title" : "Untitled",
        "transform" : [
          0.99894786,
          2.5175371e-08,
          0.0458595,
          0,
          0.026642552,
          0.8139321,
          -0.58034885,
          0,
          -0.03732667,
          0.5809601,
          0.8130758,
          0,
          0.0022249003,
          0.037969105,
          0.090689585,
          1
        ]
      },
      {
        "date" : 738801020.742129,
        "title" : "Untitled",
        "transform" : [
          0.998948,
          2.5175375e-08,
          0.045859504,
          0,
          0.026642552,
          0.8139321,
          -0.58034885,
          0,
          -0.03732667,
          0.5809601,
          0.8130758,
          0,
          -0.0039029713,
          0.05218962,
          0.0802474,
          1
        ]
      },
      {
        "date" : 738801011.330452,
        "title" : "Untitled",
        "transform" : [
          0.999726,
          3.732795e-08,
          -0.023406027,
          0,
          -0.011708329,
          0.86589503,
          -0.50008863,
          0,
          0.020267146,
          0.5002257,
          0.8656578,
          0,
          0.0017702666,
          0.04424422,
          0.08495851,
          1
        ]
      },
      {
        "date" : 738800947.711912,
        "title" : "Untitled",
        "transform" : [
          0.999726,
          3.732795e-08,
          -0.023406027,
          0,
          -0.011708329,
          0.86589503,
          -0.50008863,
          0,
          0.020267146,
          0.5002257,
          0.8656578,
          0,
          0.0005632266,
          0.014076705,
          0.02703033,
          1
        ]
      },
      {
        "date" : 738800945.513998,
        "title" : "Untitled",
        "transform" : [
          0.99972606,
          3.6462623e-08,
          -0.023406027,
          0,
          -0.01170833,
          0.86589503,
          -0.50008875,
          0,
          0.020267142,
          0.50022584,
          0.8656578,
          0,
          0.00056322245,
          0.014076699,
          0.027030312,
          1
        ]
      },
      {
        "date" : 738477103.315599,
        "title" : "Untitled",
        "transform" : [
          0.99972606,
          3.52698e-08,
          -0.023406027,
          0,
          -0.011708335,
          0.865895,
          -0.5000889,
          0,
          0.020267157,
          0.5002259,
          0.8656577,
          0,
          0.0024730123,
          0.06513358,
          0.10413272,
          1
        ]
      },
      {
        "date" : 738471043.299163,
        "title" : "Untitled",
        "transform" : [
          0.97977793,
          3.52698e-08,
          -0.20008798,
          0,
          -0.10008922,
          0.865895,
          -0.4901103,
          0,
          0.17325516,
          0.5002259,
          0.84838474,
          0,
          0.007959367,
          0.027927198,
          0.03890822,
          1
        ]
      },
      {
        "date" : 738471035.5186,
        "title" : "Untitled",
        "transform" : [
          0.97977793,
          3.3721996e-08,
          -0.20008798,
          0,
          -0.100089215,
          0.865895,
          -0.49011028,
          0,
          0.17325515,
          0.5002259,
          0.8483848,
          0,
          0.08252238,
          0.23824136,
          0.40408835,
          1
        ]
      }
    ],
    "AF09ED6F-1707-48FD-8720-65B998362C09" : [
      {
        "date" : 737950236.265485,
        "title" : "Untitled",
        "transform" : [
          1,
          0,
          -0,
          0,
          -0,
          0.86602485,
          -0.50000095,
          0,
          0,
          0.50000095,
          0.86602485,
          0,
          -0.49833477,
          1.7660732,
          -1.0351934,
          1
        ]
      },
      {
        "date" : 737950234.804522,
        "title" : "Untitled",
        "transform" : [
          1,
          0,
          0,
          0,
          0,
          0.86602485,
          -0.50000095,
          0,
          0,
          0.50000095,
          0.86602485,
          0,
          0.017102763,
          2.3303313,
          1.1663265,
          1
        ]
      },
      {
        "date" : 737791423.234352,
        "title" : "Untitled",
        "transform" : [
          1,
          0,
          -0,
          0,
          -0,
          0.86602485,
          -0.50000095,
          0,
          0,
          0.50000095,
          0.86602485,
          0,
          0,
          3.3737378,
          3.7261465,
          1
        ]
      }
    ],
    "CD11C75A-51EC-49FE-9A95-B92389BD0ABF" : [
      {
        "date" : 738801304.643352,
        "title" : "Untitled",
        "transform" : [
          -0.257532,
          1.3818679e-07,
          0.96626973,
          0,
          0.7273759,
          0.65828717,
          0.19386144,
          0,
          -0.636083,
          0.7527668,
          -0.16953005,
          0,
          -0.40380418,
          0.51554745,
          -1.5167286,
          1
        ]
      },
      {
        "date" : 738801289.089577,
        "title" : "Untitled",
        "transform" : [
          -0.19980243,
          1.381868e-07,
          0.9798363,
          0,
          0.73758835,
          0.65828717,
          0.15040451,
          0,
          -0.6450137,
          0.7527668,
          -0.13152741,
          0,
          -0.19431639,
          0.2639255,
          -1.4467374,
          1
        ]
      },
      {
        "date" : 738801276.288218,
        "title" : "Untitled",
        "transform" : [
          -0.8717585,
          1.5143719e-07,
          0.48993585,
          0,
          0.48542768,
          0.13534577,
          0.863737,
          0,
          -0.066310614,
          0.99079835,
          -0.117988914,
          0,
          -0.67427635,
          8.471893,
          -1.2208848,
          1
        ]
      },
      {
        "date" : 738801267.701939,
        "title" : "Untitled",
        "transform" : [
          -0.87175846,
          1.00386906e-07,
          0.48993582,
          0,
          0.48542756,
          0.13534568,
          0.86373705,
          0,
          -0.066310555,
          0.99079835,
          -0.11798886,
          0,
          -0.015259961,
          0.33615562,
          -1.5013974,
          1
        ]
      },
      {
        "date" : 738801262.086278,
        "title" : "Untitled",
        "transform" : [
          -0.9973989,
          1.0344738e-07,
          -0.07207768,
          0,
          -0.049432285,
          0.7277723,
          0.6840352,
          0,
          0.05245625,
          0.68581885,
          -0.7258793,
          0,
          0.03071275,
          0.23085815,
          -1.689059,
          1
        ]
      },
      {
        "date" : 738801252.480071,
        "title" : "Untitled",
        "transform" : [
          -0.5593064,
          1.03641234e-07,
          0.8289611,
          0,
          0.44813088,
          0.84128404,
          0.30235738,
          0,
          -0.6973916,
          0.5405935,
          -0.47053555,
          0,
          -0.2396885,
          0.18120268,
          -1.630573,
          1
        ]
      },
      {
        "date" : 738801221.706549,
        "title" : "Untitled",
        "transform" : [
          -0.99961597,
          7.304148e-08,
          -0.027714433,
          0,
          -0.026877748,
          0.24385719,
          0.9694387,
          0,
          0.006758435,
          0.96981114,
          -0.2437635,
          0,
          -0.021877514,
          0.36264846,
          -1.405574,
          1
        ]
      },
      {
        "date" : 738801211.171985,
        "title" : "Untitled",
        "transform" : [
          -0.99961597,
          7.304148e-08,
          -0.027714433,
          0,
          -0.026877748,
          0.24385719,
          0.9694387,
          0,
          0.006758435,
          0.96981114,
          -0.2437635,
          0,
          -0.020256372,
          0.16218325,
          -1.4897876,
          1
        ]
      },
      {
        "date" : 738801192.398414,
        "title" : "Untitled",
        "transform" : [
          -0.99961597,
          7.304148e-08,
          -0.027714433,
          0,
          -0.026877748,
          0.24385719,
          0.9694387,
          0,
          0.006758435,
          0.96981114,
          -0.2437635,
          0,
          0.0014184628,
          4.009575,
          -1.1654264,
          1
        ]
      },
      {
        "date" : 738801191.260137,
        "title" : "Untitled",
        "transform" : [
          -0.99961597,
          7.304148e-08,
          -0.027714433,
          0,
          -0.026877748,
          0.24385719,
          0.9694387,
          0,
          0.006758435,
          0.96981114,
          -0.2437635,
          0,
          0.002042979,
          5.7748976,
          -1.6785364,
          1
        ]
      }
    ],
    "D66134B1-3681-4A8E-AFE5-29F257229F3B" : [
      {
        "date" : 737791750.95176,
        "title" : "Untitled",
        "transform" : [
          0.99999994,
          0,
          -0,
          0,
          -0,
          0.8660255,
          -0.49999988,
          0,
          0,
          0.49999988,
          0.8660255,
          0,
          0,
          0.19775362,
          0.34271935,
          1
        ]
      }
    ]
  },
  "selectedSceneRelativePath" : "Whatever.usda"
}