{
  "advancedEditorSelectedIdentifier" : "ProjectBrowser",
  "openSceneRelativePaths" : [
    "Whatever.usda",
    "wingstest.usda"
  ],
  "recentIdentifiers" : {
    "1E0788FF-5E23-494B-BF03-1218EBF19B2B" : [

    ],
    "A77E8D0C-3D8F-490E-AA8C-7C57C5CCCC4A" : [

    ],
    "BAB0C277-DBEC-4E36-883A-1EA72E72011D" : [

    ],
    "CD11C75A-51EC-49FE-9A95-B92389BD0ABF" : [

    ]
  },
  "sceneCameraHistory" : {
    "1D6F2582-F006-48D5-A6AF-5F4627857B38" : [
      {
        "date" : 739003997.933281,
        "title" : "Untitled",
        "transform" : [
          0.99999994,
          0,
          -0,
          0,
          -0,
          0.8660254,
          -0.49999994,
          0,
          0,
          0.49999994,
          0.8660254,
          0,
          0,
          0.20384043,
          0.353062,
          1
        ]
      }
    ],
    "1E0788FF-5E23-494B-BF03-1218EBF19B2B" : [
      {
        "date" : 738373339.287585,
        "title" : "Untitled",
        "transform" : [
          0.7579188,
          3.0993593e-08,
          -0.65234894,
          0,
          -0.08164261,
          0.9921377,
          -0.0948548,
          0,
          0.64721996,
          0.12515171,
          0.7519597,
          0,
          4.1729846,
          1.8971691,
          4.828769,
          1
        ]
      },
      {
        "date" : 738373336.771952,
        "title" : "Untitled",
        "transform" : [
          0.7579187,
          3.6095578e-08,
          -0.6523489,
          0,
          -0.08164261,
          0.99213773,
          -0.0948548,
          0,
          0.64721996,
          0.12515171,
          0.7519597,
          0,
          4.137157,
          2.1553693,
          4.706362,
          1
        ]
      },
      {
        "date" : 738373219.051464,
        "title" : "Untitled",
        "transform" : [
          0.75399196,
          2.627786e-08,
          -0.65688354,
          0,
          -0.297634,
          0.8914597,
          -0.3416338,
          0,
          0.58558524,
          0.45310006,
          0.6721535,
          0,
          10.762432,
          13.750877,
          12.154972,
          1
        ]
      },
      {
        "date" : 738373210.405541,
        "title" : "Untitled",
        "transform" : [
          0.75399196,
          2.627786e-08,
          -0.65688354,
          0,
          -0.297634,
          0.8914597,
          -0.3416338,
          0,
          0.58558524,
          0.45310006,
          0.6721535,
          0,
          25.255638,
          24.964516,
          28.790333,
          1
        ]
      },
      {
        "date" : 738373208.236736,
        "title" : "Untitled",
        "transform" : [
          0.75399196,
          2.627786e-08,
          -0.65688354,
          0,
          -0.297634,
          0.8914597,
          -0.3416338,
          0,
          0.58558524,
          0.45310006,
          0.6721535,
          0,
          27.165947,
          29.16763,
          24.292732,
          1
        ]
      },
      {
        "date" : 738368455.702486,
        "title" : "Untitled",
        "transform" : [
          0.75399196,
          2.627786e-08,
          -0.65688354,
          0,
          -0.297634,
          0.8914597,
          -0.3416338,
          0,
          0.58558524,
          0.45310006,
          0.6721535,
          0,
          0.48014286,
          0.49278253,
          0.57929885,
          1
        ]
      },
      {
        "date" : 738367834.851482,
        "title" : "Untitled",
        "transform" : [
          0.7539919,
          8.579304e-09,
          -0.6568836,
          0,
          -0.29763404,
          0.8914597,
          -0.3416338,
          0,
          0.5855853,
          0.45310003,
          0.67215353,
          0,
          0.40295744,
          0.43289864,
          0.49442887,
          1
        ]
      },
      {
        "date" : 738367770.977379,
        "title" : "Untitled",
        "transform" : [
          0.9639949,
          3.7787746e-09,
          -0.26592046,
          0,
          -0.08804347,
          0.9435994,
          -0.3191685,
          0,
          0.2509224,
          0.33108938,
          0.9096251,
          0,
          0.16788255,
          0.3449319,
          0.6771993,
          1
        ]
      },
      {
        "date" : 738367764.123559,
        "title" : "Untitled",
        "transform" : [
          0.99999994,
          0,
          -0,
          0,
          -0,
          0.877429,
          -0.4797065,
          0,
          0,
          0.4797065,
          0.877429,
          0,
          -0.014929232,
          0.4518232,
          0.6367716,
          1
        ]
      },
      {
        "date" : 738367752.664902,
        "title" : "Untitled",
        "transform" : [
          0.99999994,
          0,
          -0,
          0,
          -0,
          0.877429,
          -0.4797065,
          0,
          0,
          0.4797065,
          0.877429,
          0,
          -0.014928081,
          0.4516408,
          0.6366476,
          1
        ]
      }
    ],
    "9D20FCE8-13F5-4723-A06A-1FA2562D0DFD" : [
      {
        "date" : 739003942.149799,
        "title" : "Untitled",
        "transform" : [
          0.9999994,
          -8.051358e-12,
          -0.0010441231,
          0,
          -0.00025321924,
          0.9701467,
          -0.24251845,
          0,
          0.0010129526,
          0.24251856,
          0.9701462,
          0,
          0.00041296144,
          0.0988702,
          0.39551008,
          1
        ]
      },
      {
        "date" : 739003882.066017,
        "title" : "Untitled",
        "transform" : [
          0.99999994,
          0,
          -0,
          0,
          -0,
          0.8660254,
          -0.49999994,
          0,
          0,
          0.49999994,
          0.8660254,
          0,
          0,
          0.20384043,
          0.353062,
          1
        ]
      }
    ],
    "A77E8D0C-3D8F-490E-AA8C-7C57C5CCCC4A" : [
      {
        "date" : 738801070.991185,
        "title" : "Untitled",
        "transform" : [
          0.99894786,
          2.425607e-08,
          0.045859504,
          0,
          0.026642518,
          0.8139321,
          -0.58034873,
          0,
          -0.037326545,
          0.58096,
          0.81307584,
          0,
          -0.00096067484,
          0.016532458,
          0.025365138,
          1
        ]
      },
      {
        "date" : 738801068.063676,
        "title" : "Untitled",
        "transform" : [
          0.9989479,
          2.6655293e-08,
          0.045859504,
          0,
          0.026642518,
          0.81393206,
          -0.58034885,
          0,
          -0.037326533,
          0.58096004,
          0.81307566,
          0,
          -0.0009606781,
          0.01653245,
          0.02536513,
          1
        ]
      },
      {
        "date" : 738801065.602131,
        "title" : "Untitled",
        "transform" : [
          0.99894786,
          2.5175371e-08,
          0.0458595,
          0,
          0.026642552,
          0.8139321,
          -0.58034885,
          0,
          -0.03732667,
          0.5809601,
          0.8130758,
          0,
          0.0022249003,
          0.037969105,
          0.090689585,
          1
        ]
      },
      {
        "date" : 738801020.742129,
        "title" : "Untitled",
        "transform" : [
          0.998948,
          2.5175375e-08,
          0.045859504,
          0,
          0.026642552,
          0.8139321,
          -0.58034885,
          0,
          -0.03732667,
          0.5809601,
          0.8130758,
          0,
          -0.0039029713,
          0.05218962,
          0.0802474,
          1
        ]
      },
      {
        "date" : 738801011.330452,
        "title" : "Untitled",
        "transform" : [
          0.999726,
          3.732795e-08,
          -0.023406027,
          0,
          -0.011708329,
          0.86589503,
          -0.50008863,
          0,
          0.020267146,
          0.5002257,
          0.8656578,
          0,
          0.0017702666,
          0.04424422,
          0.08495851,
          1
        ]
      },
      {
        "date" : 738800947.711912,
        "title" : "Untitled",
        "transform" : [
          0.999726,
          3.732795e-08,
          -0.023406027,
          0,
          -0.011708329,
          0.86589503,
          -0.50008863,
          0,
          0.020267146,
          0.5002257,
          0.8656578,
          0,
          0.0005632266,
          0.014076705,
          0.02703033,
          1
        ]
      },
      {
        "date" : 738800945.513998,
        "title" : "Untitled",
        "transform" : [
          0.99972606,
          3.6462623e-08,
          -0.023406027,
          0,
          -0.01170833,
          0.86589503,
          -0.50008875,
          0,
          0.020267142,
          0.50022584,
          0.8656578,
          0,
          0.00056322245,
          0.014076699,
          0.027030312,
          1
        ]
      },
      {
        "date" : 738477103.315599,
        "title" : "Untitled",
        "transform" : [
          0.99972606,
          3.52698e-08,
          -0.023406027,
          0,
          -0.011708335,
          0.865895,
          -0.5000889,
          0,
          0.020267157,
          0.5002259,
          0.8656577,
          0,
          0.0024730123,
          0.06513358,
          0.10413272,
          1
        ]
      },
      {
        "date" : 738471043.299163,
        "title" : "Untitled",
        "transform" : [
          0.97977793,
          3.52698e-08,
          -0.20008798,
          0,
          -0.10008922,
          0.865895,
          -0.4901103,
          0,
          0.17325516,
          0.5002259,
          0.84838474,
          0,
          0.007959367,
          0.027927198,
          0.03890822,
          1
        ]
      },
      {
        "date" : 738471035.5186,
        "title" : "Untitled",
        "transform" : [
          0.97977793,
          3.3721996e-08,
          -0.20008798,
          0,
          -0.100089215,
          0.865895,
          -0.49011028,
          0,
          0.17325515,
          0.5002259,
          0.8483848,
          0,
          0.08252238,
          0.23824136,
          0.40408835,
          1
        ]
      }
    ],
    "AF09ED6F-1707-48FD-8720-65B998362C09" : [
      {
        "date" : 737950236.265485,
        "title" : "Untitled",
        "transform" : [
          1,
          0,
          -0,
          0,
          -0,
          0.86602485,
          -0.50000095,
          0,
          0,
          0.50000095,
          0.86602485,
          0,
          -0.49833477,
          1.7660732,
          -1.0351934,
          1
        ]
      },
      {
        "date" : 737950234.804522,
        "title" : "Untitled",
        "transform" : [
          1,
          0,
          0,
          0,
          0,
          0.86602485,
          -0.50000095,
          0,
          0,
          0.50000095,
          0.86602485,
          0,
          0.017102763,
          2.3303313,
          1.1663265,
          1
        ]
      },
      {
        "date" : 737791423.234352,
        "title" : "Untitled",
        "transform" : [
          1,
          0,
          -0,
          0,
          -0,
          0.86602485,
          -0.50000095,
          0,
          0,
          0.50000095,
          0.86602485,
          0,
          0,
          3.3737378,
          3.7261465,
          1
        ]
      }
    ],
    "BAB0C277-DBEC-4E36-883A-1EA72E72011D" : [
      {
        "date" : 739007001.437157,
        "title" : "Untitled",
        "transform" : [
          0.99999994,
          0,
          -0,
          0,
          -0,
          0.8660254,
          -0.49999994,
          0,
          0,
          0.49999994,
          0.8660254,
          0,
          0,
          0.20384043,
          0.353062,
          1
        ]
      }
    ],
    "CD11C75A-51EC-49FE-9A95-B92389BD0ABF" : [
      {
        "date" : 739009451.209195,
        "title" : "Untitled",
        "transform" : [
          -0.98293734,
          6.560513e-05,
          -0.18394089,
          0,
          -0.078120604,
          0.90518296,
          0.4177811,
          0,
          0.16652755,
          0.4250222,
          -0.8897329,
          0,
          0.048622202,
          2.2747943,
          -3.434356,
          1
        ]
      },
      {
        "date" : 739009427.219349,
        "title" : "Untitled",
        "transform" : [
          -0.9532943,
          6.560499e-05,
          0.30204278,
          0,
          0.16834201,
          0.8303965,
          0.5311335,
          0,
          -0.2507804,
          0.5571731,
          -0.79162335,
          0,
          -1.4631339,
          2.761036,
          -2.6847298,
          1
        ]
      },
      {
        "date" : 739009398.189964,
        "title" : "Untitled",
        "transform" : [
          -0.9985584,
          6.560434e-05,
          -0.053676493,
          0,
          -0.042837057,
          0.6016045,
          0.7976447,
          0,
          0.03234435,
          0.79879415,
          -0.6007344,
          0,
          -0.47944644,
          3.5929477,
          -1.9577312,
          1
        ]
      },
      {
        "date" : 739009394.605958,
        "title" : "Untitled",
        "transform" : [
          -0.99855846,
          6.558967e-05,
          -0.053676512,
          0,
          -0.042837046,
          0.6016044,
          0.79764473,
          0,
          0.03234434,
          0.79879427,
          -0.6007343,
          0,
          -0.67345774,
          4.015644,
          -2.281889,
          1
        ]
      },
      {
        "date" : 739009211.666446,
        "title" : "Untitled",
        "transform" : [
          -0.9274608,
          6.558953e-05,
          0.3739206,
          0,
          0.3210766,
          0.51265866,
          0.7962982,
          0,
          -0.19164136,
          0.85859257,
          -0.4754918,
          0,
          -1.4102749,
          4.232577,
          -1.3719976,
          1
        ]
      },
      {
        "date" : 739009192.091125,
        "title" : "Untitled",
        "transform" : [
          -0.99951965,
          6.557963e-05,
          -0.03099277,
          0,
          -0.01952126,
          0.7753716,
          0.6312033,
          0,
          0.024072332,
          0.63150513,
          -0.7749978,
          0,
          -1.286439,
          3.361919,
          -3.180131,
          1
        ]
      },
      {
        "date" : 739009167.604465,
        "title" : "Untitled",
        "transform" : [
          -0.99999,
          6.557947e-05,
          -0.004485171,
          0,
          -0.0023554293,
          0.8432695,
          0.5374857,
          0,
          0.0038174815,
          0.5374909,
          -0.8432608,
          0,
          -1.3686646,
          2.9759295,
          -3.513013,
          1
        ]
      },
      {
        "date" : 739009139.869888,
        "title" : "Untitled",
        "transform" : [
          -0.99971515,
          6.557951e-05,
          0.023867665,
          0,
          0.016424065,
          0.7274772,
          0.6859352,
          0,
          -0.01731817,
          0.68613183,
          -0.72727096,
          0,
          -1.4528644,
          3.580924,
          -2.8525121,
          1
        ]
      },
      {
        "date" : 739009099.624424,
        "title" : "Untitled",
        "transform" : [
          -0.9076227,
          6.557925e-05,
          -0.4197868,
          0,
          -0.18994558,
          0.89170986,
          0.41082138,
          0,
          0.374355,
          0.45260745,
          -0.8093236,
          0,
          1.682085,
          2.6192944,
          -3.3873832,
          1
        ]
      },
      {
        "date" : 739009084.747396,
        "title" : "Untitled",
        "transform" : [
          -0.9920142,
          -8.8162415e-07,
          0.12612659,
          0,
          0.050530378,
          0.91623616,
          0.3974393,
          0,
          -0.11556208,
          0.40063864,
          -0.9089192,
          0,
          0.08151547,
          2.4281805,
          -3.9068577,
          1
        ]
      }
    ],
    "D66134B1-3681-4A8E-AFE5-29F257229F3B" : [
      {
        "date" : 737791750.95176,
        "title" : "Untitled",
        "transform" : [
          0.99999994,
          0,
          -0,
          0,
          -0,
          0.8660255,
          -0.49999988,
          0,
          0,
          0.49999988,
          0.8660255,
          0,
          0,
          0.19775362,
          0.34271935,
          1
        ]
      }
    ]
  },
  "selectedSceneRelativePath" : "Whatever.usda"
}