{
  "advancedEditorSelectedIdentifier" : "ProjectBrowser",
  "openSceneRelativePaths" : [
    "Whatever.usda",
    "hooptest.usda"
  ],
  "recentIdentifiers" : {
    "1E0788FF-5E23-494B-BF03-1218EBF19B2B" : [

    ],
    "A77E8D0C-3D8F-490E-AA8C-7C57C5CCCC4A" : [

    ],
    "CD11C75A-51EC-49FE-9A95-B92389BD0ABF" : [

    ]
  },
  "sceneCameraHistory" : {
    "1E0788FF-5E23-494B-BF03-1218EBF19B2B" : [
      {
        "date" : 738373339.287585,
        "title" : "Untitled",
        "transform" : [
          0.7579188,
          3.0993593e-08,
          -0.65234894,
          0,
          -0.08164261,
          0.9921377,
          -0.0948548,
          0,
          0.64721996,
          0.12515171,
          0.7519597,
          0,
          4.1729846,
          1.8971691,
          4.828769,
          1
        ]
      },
      {
        "date" : 738373336.771952,
        "title" : "Untitled",
        "transform" : [
          0.7579187,
          3.6095578e-08,
          -0.6523489,
          0,
          -0.08164261,
          0.99213773,
          -0.0948548,
          0,
          0.64721996,
          0.12515171,
          0.7519597,
          0,
          4.137157,
          2.1553693,
          4.706362,
          1
        ]
      },
      {
        "date" : 738373219.051464,
        "title" : "Untitled",
        "transform" : [
          0.75399196,
          2.627786e-08,
          -0.65688354,
          0,
          -0.297634,
          0.8914597,
          -0.3416338,
          0,
          0.58558524,
          0.45310006,
          0.6721535,
          0,
          10.762432,
          13.750877,
          12.154972,
          1
        ]
      },
      {
        "date" : 738373210.405541,
        "title" : "Untitled",
        "transform" : [
          0.75399196,
          2.627786e-08,
          -0.65688354,
          0,
          -0.297634,
          0.8914597,
          -0.3416338,
          0,
          0.58558524,
          0.45310006,
          0.6721535,
          0,
          25.255638,
          24.964516,
          28.790333,
          1
        ]
      },
      {
        "date" : 738373208.236736,
        "title" : "Untitled",
        "transform" : [
          0.75399196,
          2.627786e-08,
          -0.65688354,
          0,
          -0.297634,
          0.8914597,
          -0.3416338,
          0,
          0.58558524,
          0.45310006,
          0.6721535,
          0,
          27.165947,
          29.16763,
          24.292732,
          1
        ]
      },
      {
        "date" : 738368455.702486,
        "title" : "Untitled",
        "transform" : [
          0.75399196,
          2.627786e-08,
          -0.65688354,
          0,
          -0.297634,
          0.8914597,
          -0.3416338,
          0,
          0.58558524,
          0.45310006,
          0.6721535,
          0,
          0.48014286,
          0.49278253,
          0.57929885,
          1
        ]
      },
      {
        "date" : 738367834.851482,
        "title" : "Untitled",
        "transform" : [
          0.7539919,
          8.579304e-09,
          -0.6568836,
          0,
          -0.29763404,
          0.8914597,
          -0.3416338,
          0,
          0.5855853,
          0.45310003,
          0.67215353,
          0,
          0.40295744,
          0.43289864,
          0.49442887,
          1
        ]
      },
      {
        "date" : 738367770.977379,
        "title" : "Untitled",
        "transform" : [
          0.9639949,
          3.7787746e-09,
          -0.26592046,
          0,
          -0.08804347,
          0.9435994,
          -0.3191685,
          0,
          0.2509224,
          0.33108938,
          0.9096251,
          0,
          0.16788255,
          0.3449319,
          0.6771993,
          1
        ]
      },
      {
        "date" : 738367764.123559,
        "title" : "Untitled",
        "transform" : [
          0.99999994,
          0,
          -0,
          0,
          -0,
          0.877429,
          -0.4797065,
          0,
          0,
          0.4797065,
          0.877429,
          0,
          -0.014929232,
          0.4518232,
          0.6367716,
          1
        ]
      },
      {
        "date" : 738367752.664902,
        "title" : "Untitled",
        "transform" : [
          0.99999994,
          0,
          -0,
          0,
          -0,
          0.877429,
          -0.4797065,
          0,
          0,
          0.4797065,
          0.877429,
          0,
          -0.014928081,
          0.4516408,
          0.6366476,
          1
        ]
      }
    ],
    "A77E8D0C-3D8F-490E-AA8C-7C57C5CCCC4A" : [
      {
        "date" : 738801070.991185,
        "title" : "Untitled",
        "transform" : [
          0.99894786,
          2.425607e-08,
          0.045859504,
          0,
          0.026642518,
          0.8139321,
          -0.58034873,
          0,
          -0.037326545,
          0.58096,
          0.81307584,
          0,
          -0.00096067484,
          0.016532458,
          0.025365138,
          1
        ]
      },
      {
        "date" : 738801068.063676,
        "title" : "Untitled",
        "transform" : [
          0.9989479,
          2.6655293e-08,
          0.045859504,
          0,
          0.026642518,
          0.81393206,
          -0.58034885,
          0,
          -0.037326533,
          0.58096004,
          0.81307566,
          0,
          -0.0009606781,
          0.01653245,
          0.02536513,
          1
        ]
      },
      {
        "date" : 738801065.602131,
        "title" : "Untitled",
        "transform" : [
          0.99894786,
          2.5175371e-08,
          0.0458595,
          0,
          0.026642552,
          0.8139321,
          -0.58034885,
          0,
          -0.03732667,
          0.5809601,
          0.8130758,
          0,
          0.0022249003,
          0.037969105,
          0.090689585,
          1
        ]
      },
      {
        "date" : 738801020.742129,
        "title" : "Untitled",
        "transform" : [
          0.998948,
          2.5175375e-08,
          0.045859504,
          0,
          0.026642552,
          0.8139321,
          -0.58034885,
          0,
          -0.03732667,
          0.5809601,
          0.8130758,
          0,
          -0.0039029713,
          0.05218962,
          0.0802474,
          1
        ]
      },
      {
        "date" : 738801011.330452,
        "title" : "Untitled",
        "transform" : [
          0.999726,
          3.732795e-08,
          -0.023406027,
          0,
          -0.011708329,
          0.86589503,
          -0.50008863,
          0,
          0.020267146,
          0.5002257,
          0.8656578,
          0,
          0.0017702666,
          0.04424422,
          0.08495851,
          1
        ]
      },
      {
        "date" : 738800947.711912,
        "title" : "Untitled",
        "transform" : [
          0.999726,
          3.732795e-08,
          -0.023406027,
          0,
          -0.011708329,
          0.86589503,
          -0.50008863,
          0,
          0.020267146,
          0.5002257,
          0.8656578,
          0,
          0.0005632266,
          0.014076705,
          0.02703033,
          1
        ]
      },
      {
        "date" : 738800945.513998,
        "title" : "Untitled",
        "transform" : [
          0.99972606,
          3.6462623e-08,
          -0.023406027,
          0,
          -0.01170833,
          0.86589503,
          -0.50008875,
          0,
          0.020267142,
          0.50022584,
          0.8656578,
          0,
          0.00056322245,
          0.014076699,
          0.027030312,
          1
        ]
      },
      {
        "date" : 738477103.315599,
        "title" : "Untitled",
        "transform" : [
          0.99972606,
          3.52698e-08,
          -0.023406027,
          0,
          -0.011708335,
          0.865895,
          -0.5000889,
          0,
          0.020267157,
          0.5002259,
          0.8656577,
          0,
          0.0024730123,
          0.06513358,
          0.10413272,
          1
        ]
      },
      {
        "date" : 738471043.299163,
        "title" : "Untitled",
        "transform" : [
          0.97977793,
          3.52698e-08,
          -0.20008798,
          0,
          -0.10008922,
          0.865895,
          -0.4901103,
          0,
          0.17325516,
          0.5002259,
          0.84838474,
          0,
          0.007959367,
          0.027927198,
          0.03890822,
          1
        ]
      },
      {
        "date" : 738471035.5186,
        "title" : "Untitled",
        "transform" : [
          0.97977793,
          3.3721996e-08,
          -0.20008798,
          0,
          -0.100089215,
          0.865895,
          -0.49011028,
          0,
          0.17325515,
          0.5002259,
          0.8483848,
          0,
          0.08252238,
          0.23824136,
          0.40408835,
          1
        ]
      }
    ],
    "AF09ED6F-1707-48FD-8720-65B998362C09" : [
      {
        "date" : 737950236.265485,
        "title" : "Untitled",
        "transform" : [
          1,
          0,
          -0,
          0,
          -0,
          0.86602485,
          -0.50000095,
          0,
          0,
          0.50000095,
          0.86602485,
          0,
          -0.49833477,
          1.7660732,
          -1.0351934,
          1
        ]
      },
      {
        "date" : 737950234.804522,
        "title" : "Untitled",
        "transform" : [
          1,
          0,
          0,
          0,
          0,
          0.86602485,
          -0.50000095,
          0,
          0,
          0.50000095,
          0.86602485,
          0,
          0.017102763,
          2.3303313,
          1.1663265,
          1
        ]
      },
      {
        "date" : 737791423.234352,
        "title" : "Untitled",
        "transform" : [
          1,
          0,
          -0,
          0,
          -0,
          0.86602485,
          -0.50000095,
          0,
          0,
          0.50000095,
          0.86602485,
          0,
          0,
          3.3737378,
          3.7261465,
          1
        ]
      }
    ],
    "CD11C75A-51EC-49FE-9A95-B92389BD0ABF" : [
      {
        "date" : 738807366.105471,
        "title" : "Untitled",
        "transform" : [
          -0.27671897,
          2.6855595e-08,
          0.96095085,
          0,
          0.5428097,
          0.8251817,
          0.15630952,
          0,
          -0.7929593,
          0.5648669,
          -0.22834368,
          0,
          -1.9888384,
          2.0102277,
          -1.0504577,
          1
        ]
      },
      {
        "date" : 738807340.510178,
        "title" : "Untitled",
        "transform" : [
          -0.27671897,
          2.6855595e-08,
          0.96095085,
          0,
          0.5428098,
          0.82518184,
          0.15630953,
          0,
          -0.7929593,
          0.5648669,
          -0.22834368,
          0,
          0.40977293,
          0.32877025,
          0.19412436,
          1
        ]
      },
      {
        "date" : 738807329.388446,
        "title" : "Untitled",
        "transform" : [
          -0.05125756,
          2.7237247e-08,
          0.99868554,
          0,
          0.60756946,
          0.79365414,
          0.03118354,
          0,
          -0.7926112,
          0.6083689,
          -0.040681012,
          0,
          0.41643298,
          0.37099347,
          0.377329,
          1
        ]
      },
      {
        "date" : 738807321.430986,
        "title" : "Untitled",
        "transform" : [
          -0.12500305,
          2.760936e-08,
          0.99215645,
          0,
          0.5321951,
          0.84396225,
          0.06705196,
          0,
          -0.83734274,
          0.5364022,
          -0.105498105,
          0,
          0.3778026,
          0.3147508,
          0.32634866,
          1
        ]
      },
      {
        "date" : 738807308.646691,
        "title" : "Untitled",
        "transform" : [
          -0.24277055,
          2.8078476e-08,
          0.97008383,
          0,
          0.63503176,
          0.7559621,
          0.15892136,
          0,
          -0.7333467,
          0.6546152,
          -0.18352562,
          0,
          0.41471142,
          0.40835816,
          0.25604552,
          1
        ]
      },
      {
        "date" : 738807305.428895,
        "title" : "Untitled",
        "transform" : [
          -0.22317985,
          2.8056439e-08,
          0.97477734,
          0,
          0.560755,
          0.81796724,
          0.12838753,
          0,
          -0.79733604,
          0.57526463,
          -0.1825541,
          0,
          0.3131169,
          0.2504896,
          0.2654528,
          1
        ]
      },
      {
        "date" : 738807276.138718,
        "title" : "Untitled",
        "transform" : [
          -0.1884015,
          2.5632918e-08,
          0.98209214,
          0,
          0.7260903,
          0.67334306,
          0.13929093,
          0,
          -0.66128504,
          0.73933005,
          -0.12685911,
          0,
          0.3782699,
          0.399787,
          0.3037985,
          1
        ]
      },
      {
        "date" : 738807267.598305,
        "title" : "Untitled",
        "transform" : [
          -0.5861388,
          3.1172455e-08,
          0.8102107,
          0,
          0.7740867,
          0.29526913,
          0.5600053,
          0,
          -0.23923019,
          0.9554141,
          -0.173069,
          0,
          0.83062106,
          0.31877598,
          0.17136945,
          1
        ]
      },
      {
        "date" : 738807232.431325,
        "title" : "Untitled",
        "transform" : [
          -0.28772664,
          3.2550993e-08,
          0.95771265,
          0,
          0.72849274,
          0.64915156,
          0.21886191,
          0,
          -0.6217006,
          0.760659,
          -0.18677847,
          0,
          0.3848738,
          0.36767492,
          0.24576968,
          1
        ]
      },
      {
        "date" : 738807149.162776,
        "title" : "Untitled",
        "transform" : [
          -0.4263844,
          3.4134736e-08,
          -0.90454215,
          0,
          -0.6569884,
          0.68735516,
          0.30969197,
          0,
          0.6217419,
          0.7263214,
          -0.29307717,
          0,
          1.5119153,
          0.5436771,
          -1.931895,
          1
        ]
      }
    ],
    "D66134B1-3681-4A8E-AFE5-29F257229F3B" : [
      {
        "date" : 737791750.95176,
        "title" : "Untitled",
        "transform" : [
          0.99999994,
          0,
          -0,
          0,
          -0,
          0.8660255,
          -0.49999988,
          0,
          0,
          0.49999988,
          0.8660255,
          0,
          0,
          0.19775362,
          0.34271935,
          1
        ]
      }
    ]
  },
  "selectedSceneRelativePath" : "Whatever.usda"
}