{
  "advancedEditorSelectedIdentifier" : "ProjectBrowser",
  "openSceneRelativePaths" : [
    "Whatever_on.usda",
    "computer.usda",
    "giant.usda",
    "cow.usda",
    "fish.usda",
    "magazine.usda",
    "yoga.usda",
    "630.usda",
    "bee.usda",
    "achoo.usda",
    "melons.usda",
    "nuts.usda",
    "cross.usda",
    "frog.usda",
    "factory.usda",
    "justice.usda",
    "wok.usda",
    "thor.usda",
    "toast.usda",
    "squirrel.usda",
    "ghost.usda",
    "solocup.usda",
    "boat.usda",
    "car.usda"
  ],
  "recentIdentifiers" : {
    "1E0788FF-5E23-494B-BF03-1218EBF19B2B" : [

    ],
    "6FA2D3B6-2E48-4173-8653-20956B25FEC5" : [

    ],
    "17C96607-18D4-494A-8F5E-E50BFB7506D2" : [

    ],
    "64C6EB53-96C9-44A7-871D-199D1F271F19" : [

    ],
    "424F85E2-8F44-4215-A65F-145B8E4FDC2F" : [

    ],
    "45241D6D-6F89-4BF8-9E4B-26CFBCF1CF32" : [

    ],
    "A77E8D0C-3D8F-490E-AA8C-7C57C5CCCC4A" : [

    ],
    "ABF6F33C-49FC-4376-A3E5-A1BDD910395E" : [

    ],
    "BAB0C277-DBEC-4E36-883A-1EA72E72011D" : [

    ],
    "CD11C75A-51EC-49FE-9A95-B92389BD0ABF" : [

    ],
    "D1912745-8956-4B89-BDDE-72FF983BE18B" : [

    ],
    "E086FB3C-B332-4644-A427-1DFB5C6E475E" : [

    ],
    "F6DAF15A-E9E3-43C7-B8EC-CD7CE48C33BE" : [

    ]
  },
  "sceneCameraHistory" : {
    "0A06E5D1-61F5-4920-982A-7D8E9EEBB049" : [
      {
        "date" : 739069983.461435,
        "title" : "Untitled",
        "transform" : [
          0.52958065,
          -4.426176e-10,
          -0.8482596,
          0,
          -0.29883203,
          0.9358915,
          -0.18656515,
          0,
          0.7938789,
          0.35228842,
          0.49563,
          0,
          0.9324051,
          1.0012035,
          0.553364,
          1
        ]
      },
      {
        "date" : 739069967.232069,
        "title" : "Untitled",
        "transform" : [
          0.52958065,
          -4.426176e-10,
          -0.8482596,
          0,
          -0.29883203,
          0.9358915,
          -0.18656515,
          0,
          0.7938789,
          0.35228842,
          0.49563,
          0,
          0.773562,
          0.791553,
          0.9568095,
          1
        ]
      },
      {
        "date" : 739069952.865528,
        "title" : "Untitled",
        "transform" : [
          0.52958065,
          -4.426176e-10,
          -0.8482596,
          0,
          -0.29883203,
          0.9358915,
          -0.18656515,
          0,
          0.7938789,
          0.35228842,
          0.49563,
          0,
          0.31769198,
          0.33704782,
          0.37642497,
          1
        ]
      },
      {
        "date" : 739069945.33237,
        "title" : "Untitled",
        "transform" : [
          0.99999994,
          0,
          0,
          0,
          0,
          0.8660255,
          -0.49999988,
          0,
          0,
          0.49999988,
          0.8660255,
          0,
          0.0058144378,
          0.39350286,
          0.50273716,
          1
        ]
      },
      {
        "date" : 739069888.727528,
        "title" : "Untitled",
        "transform" : [
          0.99999994,
          0,
          -0,
          0,
          -0,
          0.8660255,
          -0.49999988,
          0,
          0,
          0.49999988,
          0.8660255,
          0,
          0,
          0.20184538,
          0.34960645,
          1
        ]
      }
    ],
    "1D6F2582-F006-48D5-A6AF-5F4627857B38" : [
      {
        "date" : 739003997.933281,
        "title" : "Untitled",
        "transform" : [
          0.99999994,
          0,
          -0,
          0,
          -0,
          0.8660254,
          -0.49999994,
          0,
          0,
          0.49999994,
          0.8660254,
          0,
          0,
          0.20384043,
          0.353062,
          1
        ]
      }
    ],
    "1E0788FF-5E23-494B-BF03-1218EBF19B2B" : [
      {
        "date" : 739068542.170582,
        "title" : "Untitled",
        "transform" : [
          0.5134296,
          3.2779354e-08,
          -0.8581317,
          0,
          -0.38085774,
          0.896115,
          -0.22787125,
          0,
          0.76898474,
          0.4438219,
          0.4600918,
          0,
          4.645572,
          3.8865702,
          2.7646496,
          1
        ]
      },
      {
        "date" : 739068538.255776,
        "title" : "Untitled",
        "transform" : [
          0.672744,
          2.9594807e-08,
          -0.7398753,
          0,
          0.02413323,
          0.9994679,
          0.021943597,
          0,
          0.7394817,
          -0.03261799,
          0.67238593,
          0,
          4.8926063,
          0.8686732,
          4.4314637,
          1
        ]
      },
      {
        "date" : 738373339.287585,
        "title" : "Untitled",
        "transform" : [
          0.7579188,
          3.0993593e-08,
          -0.65234894,
          0,
          -0.08164261,
          0.9921377,
          -0.0948548,
          0,
          0.64721996,
          0.12515171,
          0.7519597,
          0,
          4.1729846,
          1.8971691,
          4.828769,
          1
        ]
      },
      {
        "date" : 738373336.771952,
        "title" : "Untitled",
        "transform" : [
          0.7579187,
          3.6095578e-08,
          -0.6523489,
          0,
          -0.08164261,
          0.99213773,
          -0.0948548,
          0,
          0.64721996,
          0.12515171,
          0.7519597,
          0,
          4.137157,
          2.1553693,
          4.706362,
          1
        ]
      },
      {
        "date" : 738373219.051464,
        "title" : "Untitled",
        "transform" : [
          0.75399196,
          2.627786e-08,
          -0.65688354,
          0,
          -0.297634,
          0.8914597,
          -0.3416338,
          0,
          0.58558524,
          0.45310006,
          0.6721535,
          0,
          10.762432,
          13.750877,
          12.154972,
          1
        ]
      },
      {
        "date" : 738373210.405541,
        "title" : "Untitled",
        "transform" : [
          0.75399196,
          2.627786e-08,
          -0.65688354,
          0,
          -0.297634,
          0.8914597,
          -0.3416338,
          0,
          0.58558524,
          0.45310006,
          0.6721535,
          0,
          25.255638,
          24.964516,
          28.790333,
          1
        ]
      },
      {
        "date" : 738373208.236736,
        "title" : "Untitled",
        "transform" : [
          0.75399196,
          2.627786e-08,
          -0.65688354,
          0,
          -0.297634,
          0.8914597,
          -0.3416338,
          0,
          0.58558524,
          0.45310006,
          0.6721535,
          0,
          27.165947,
          29.16763,
          24.292732,
          1
        ]
      },
      {
        "date" : 738368455.702486,
        "title" : "Untitled",
        "transform" : [
          0.75399196,
          2.627786e-08,
          -0.65688354,
          0,
          -0.297634,
          0.8914597,
          -0.3416338,
          0,
          0.58558524,
          0.45310006,
          0.6721535,
          0,
          0.48014286,
          0.49278253,
          0.57929885,
          1
        ]
      },
      {
        "date" : 738367834.851482,
        "title" : "Untitled",
        "transform" : [
          0.7539919,
          8.579304e-09,
          -0.6568836,
          0,
          -0.29763404,
          0.8914597,
          -0.3416338,
          0,
          0.5855853,
          0.45310003,
          0.67215353,
          0,
          0.40295744,
          0.43289864,
          0.49442887,
          1
        ]
      },
      {
        "date" : 738367770.977379,
        "title" : "Untitled",
        "transform" : [
          0.9639949,
          3.7787746e-09,
          -0.26592046,
          0,
          -0.08804347,
          0.9435994,
          -0.3191685,
          0,
          0.2509224,
          0.33108938,
          0.9096251,
          0,
          0.16788255,
          0.3449319,
          0.6771993,
          1
        ]
      }
    ],
    "1FAE24E7-D4E6-4E7C-8C35-39EAEA9956A2" : [
      {
        "date" : 739087183.868187,
        "title" : "Untitled",
        "transform" : [
          0.99999994,
          0,
          -0,
          0,
          -0,
          0.8660254,
          -0.49999988,
          0,
          0,
          0.49999988,
          0.8660254,
          0,
          0,
          0.18721311,
          0.32426265,
          1
        ]
      }
    ],
    "2E863E4D-F846-4D19-993D-F2DEB94C418D" : [
      {
        "date" : 739089417.453684,
        "title" : "Untitled",
        "transform" : [
          0.99999994,
          0,
          -0,
          0,
          -0,
          0.8660254,
          -0.49999988,
          0,
          0,
          0.49999988,
          0.8660254,
          0,
          0,
          0.18721311,
          0.32426265,
          1
        ]
      }
    ],
    "4F99FF29-CED1-4FDA-9861-E4CB13C69AD5" : [
      {
        "date" : 739089653.055543,
        "title" : "Untitled",
        "transform" : [
          0.2985357,
          -3.494535e-08,
          -0.95439845,
          0,
          -0.20211571,
          0.97731894,
          -0.06322182,
          0,
          0.9327517,
          0.21177277,
          0.2917646,
          0,
          0.23180616,
          0.08903637,
          0.05921119,
          1
        ]
      },
      {
        "date" : 739089648.161914,
        "title" : "Untitled",
        "transform" : [
          0.96693575,
          -1.0899612e-08,
          -0.25502014,
          0,
          -0.19250986,
          0.65586174,
          -0.7299215,
          0,
          0.16725798,
          0.754881,
          0.6341762,
          0,
          0.114755854,
          0.21377465,
          0.19934236,
          1
        ]
      },
      {
        "date" : 739089637.585291,
        "title" : "Untitled",
        "transform" : [
          -0.22141545,
          -1.2973088e-08,
          -0.97517955,
          0,
          -0.5757292,
          0.8071235,
          0.13071981,
          0,
          0.78709036,
          0.59038264,
          -0.17870963,
          0,
          0.22136143,
          0.1762366,
          -0.007268466,
          1
        ]
      },
      {
        "date" : 739089608.667389,
        "title" : "Untitled",
        "transform" : [
          0.22846197,
          -1.1604991e-08,
          -0.97355294,
          0,
          -0.48211622,
          0.8687714,
          -0.113137424,
          0,
          0.845795,
          0.49521327,
          0.1984812,
          0,
          0.19657362,
          0.18604146,
          0.14767179,
          1
        ]
      },
      {
        "date" : 739089604.075657,
        "title" : "Untitled",
        "transform" : [
          0.66473824,
          -2.3726963e-09,
          -0.7470764,
          0,
          -0.69944644,
          0.35134783,
          -0.6223578,
          0,
          0.2624837,
          0.936245,
          0.23355433,
          0,
          0.02876751,
          0.27912673,
          0.13187477,
          1
        ]
      },
      {
        "date" : 739089584.943485,
        "title" : "Untitled",
        "transform" : [
          0.99999994,
          0,
          -0,
          0,
          -0,
          0.8660254,
          -0.49999988,
          0,
          0,
          0.49999988,
          0.8660254,
          0,
          0,
          0.18721311,
          0.32426265,
          1
        ]
      }
    ],
    "5DF62C4E-F784-4714-A394-1E985F0DA2B9" : [
      {
        "date" : 739087545.80407,
        "title" : "Untitled",
        "transform" : [
          -0.9998808,
          -4.2440944e-09,
          0.015439484,
          0,
          0.0036114294,
          0.9722584,
          0.2338817,
          0,
          -0.015011137,
          0.23390956,
          -0.97214246,
          0,
          0.13718304,
          0.30057198,
          -0.48754558,
          1
        ]
      },
      {
        "date" : 739087543.097715,
        "title" : "Untitled",
        "transform" : [
          -0.15812492,
          -4.2493267e-09,
          -0.9874191,
          0,
          -0.26731667,
          0.96265745,
          0.042807978,
          0,
          0.9505463,
          0.27072257,
          -0.1522201,
          0,
          0.48976162,
          0.31881618,
          0.06884855,
          1
        ]
      },
      {
        "date" : 739087530.234404,
        "title" : "Untitled",
        "transform" : [
          0.99999994,
          0,
          -0,
          0,
          -0,
          0.8660254,
          -0.49999988,
          0,
          0,
          0.49999988,
          0.8660254,
          0,
          0,
          0.18721311,
          0.32426265,
          1
        ]
      }
    ],
    "6FA2D3B6-2E48-4173-8653-20956B25FEC5" : [
      {
        "date" : 739068707.997847,
        "title" : "Untitled",
        "transform" : [
          0.9725934,
          3.7124712e-09,
          -0.23251253,
          0,
          -0.07587353,
          0.94525933,
          -0.31737685,
          0,
          0.21978462,
          0.32632023,
          0.9193529,
          0,
          0.035402536,
          0.32871205,
          0.6430539,
          1
        ]
      },
      {
        "date" : 739068705.266932,
        "title" : "Untitled",
        "transform" : [
          0.13522094,
          3.3097396e-09,
          -0.99081546,
          0,
          -0.42780575,
          0.9019831,
          -0.058384534,
          0,
          0.8936987,
          0.43177143,
          0.12196701,
          0,
          0.50593793,
          0.39832777,
          0.13986054,
          1
        ]
      },
      {
        "date" : 739068696.127588,
        "title" : "Untitled",
        "transform" : [
          0.9999885,
          3.1048508e-09,
          0.0047991495,
          0,
          0.0023162565,
          0.8758199,
          -0.48263246,
          0,
          -0.0042032087,
          0.48263806,
          0.8758098,
          0,
          0.0070431945,
          0.50525737,
          0.9325412,
          1
        ]
      },
      {
        "date" : 739068688.630689,
        "title" : "Untitled",
        "transform" : [
          0.9999885,
          3.1048508e-09,
          0.0047991495,
          0,
          0.0023162565,
          0.8758199,
          -0.48263246,
          0,
          -0.0042032087,
          0.48263806,
          0.8758098,
          0,
          -0.010579867,
          0.9688563,
          1.6676751,
          1
        ]
      },
      {
        "date" : 739068641.842055,
        "title" : "Untitled",
        "transform" : [
          0.9999885,
          3.1048508e-09,
          0.0047991495,
          0,
          0.0023162568,
          0.87582004,
          -0.48263252,
          0,
          -0.004203209,
          0.48263812,
          0.8758099,
          0,
          -0.0024228848,
          0.7542756,
          1.3274121,
          1
        ]
      },
      {
        "date" : 739068635.444983,
        "title" : "Untitled",
        "transform" : [
          0.99975675,
          3.0856016e-09,
          0.022055168,
          0,
          0.0036799933,
          0.9859817,
          -0.16681325,
          0,
          -0.021746008,
          0.16685387,
          0.98574185,
          0,
          -0.028001986,
          0.2834345,
          1.4483123,
          1
        ]
      },
      {
        "date" : 739068568.489775,
        "title" : "Untitled",
        "transform" : [
          0.9998817,
          3.796127e-09,
          0.015384139,
          0,
          0.0076788566,
          0.8665209,
          -0.49908185,
          0,
          -0.013330693,
          0.49914095,
          0.8664183,
          0,
          -0.016068246,
          0.77663875,
          1.3009464,
          1
        ]
      },
      {
        "date" : 739068566.367776,
        "title" : "Untitled",
        "transform" : [
          0.9998817,
          3.796127e-09,
          0.015384139,
          0,
          0.0076788566,
          0.8665209,
          -0.49908185,
          0,
          -0.013330693,
          0.49914095,
          0.8664183,
          0,
          -0.019353237,
          0.9513271,
          1.589324,
          1
        ]
      },
      {
        "date" : 739068554.816381,
        "title" : "Untitled",
        "transform" : [
          0.9977422,
          6.815446e-09,
          -0.067159235,
          0,
          -0.004648999,
          0.99760115,
          -0.0690672,
          0,
          0.06699812,
          0.069223545,
          0.9953488,
          0,
          0.03111283,
          0.04225267,
          0.47925472,
          1
        ]
      },
      {
        "date" : 739068530.437878,
        "title" : "Untitled",
        "transform" : [
          0.96778196,
          6.212058e-09,
          -0.25178954,
          0,
          -0.11187439,
          0.8958696,
          -0.43000203,
          0,
          0.22557057,
          0.44431707,
          0.8670065,
          0,
          0.10344751,
          0.21501786,
          0.4158116,
          1
        ]
      }
    ],
    "08D44A6E-77EE-480B-B188-7664871F26B5" : [
      {
        "date" : 739871334.960811,
        "title" : "Untitled",
        "transform" : [
          -0.99074364,
          8.082134e-08,
          -0.13574582,
          0,
          -0.058686793,
          0.9017159,
          0.42832732,
          0,
          0.12240425,
          0.43232897,
          -0.89336944,
          0,
          -1.3112843,
          0.9998938,
          -1.7076237,
          1
        ]
      },
      {
        "date" : 739871329.777766,
        "title" : "Untitled",
        "transform" : [
          -0.7180132,
          8.167528e-08,
          -0.6960294,
          0,
          0.09039836,
          0.9915301,
          -0.09325343,
          0,
          0.69013417,
          -0.12987712,
          -0.71193177,
          0,
          -1.3939645,
          0.07094792,
          -0.36148193,
          1
        ]
      },
      {
        "date" : 739871324.573487,
        "title" : "Untitled",
        "transform" : [
          -0.73022777,
          8.2263156e-08,
          -0.6832037,
          0,
          -0.101645544,
          0.9888707,
          0.10864182,
          0,
          0.6756002,
          0.14877784,
          -0.7221008,
          0,
          -1.2903012,
          0.15674087,
          -0.6649873,
          1
        ]
      },
      {
        "date" : 739871319.688346,
        "title" : "Untitled",
        "transform" : [
          -0.73022777,
          8.2263156e-08,
          -0.6832037,
          0,
          -0.101645544,
          0.9888707,
          0.10864182,
          0,
          0.6756002,
          0.14877784,
          -0.7221008,
          0,
          -1.3624496,
          0.11979616,
          -0.74010164,
          1
        ]
      },
      {
        "date" : 739871316.557532,
        "title" : "Untitled",
        "transform" : [
          -0.73022777,
          8.2263156e-08,
          -0.6832037,
          0,
          -0.101645544,
          0.9888707,
          0.10864182,
          0,
          0.6756002,
          0.14877784,
          -0.7221008,
          0,
          -1.429699,
          0.09905279,
          -0.8072942,
          1
        ]
      },
      {
        "date" : 739871313.991921,
        "title" : "Untitled",
        "transform" : [
          -0.96459913,
          9.12925e-08,
          -0.26372027,
          0,
          -0.11899979,
          0.89240503,
          0.4352611,
          0,
          0.23534536,
          0.45123518,
          -0.8608132,
          0,
          -1.5612867,
          0.20906353,
          -0.8461151,
          1
        ]
      },
      {
        "date" : 739871303.782724,
        "title" : "Untitled",
        "transform" : [
          -0.96459913,
          9.12925e-08,
          -0.26372027,
          0,
          -0.11899979,
          0.89240503,
          0.4352611,
          0,
          0.23534536,
          0.45123518,
          -0.8608132,
          0,
          3.4502065,
          6.405586,
          -12.630753,
          1
        ]
      },
      {
        "date" : 739871301.400075,
        "title" : "Untitled",
        "transform" : [
          -0.96459913,
          9.12925e-08,
          -0.26372027,
          0,
          -0.11899979,
          0.89240503,
          0.4352611,
          0,
          0.23534536,
          0.45123518,
          -0.8608132,
          0,
          -1.0368916,
          0.317722,
          -1.4130212,
          1
        ]
      },
      {
        "date" : 739871285.186636,
        "title" : "Untitled",
        "transform" : [
          -0.96459913,
          9.12925e-08,
          -0.26372027,
          0,
          -0.11899979,
          0.89240503,
          0.4352611,
          0,
          0.23534536,
          0.45123518,
          -0.8608132,
          0,
          0.25476158,
          1.1474888,
          -2.834744,
          1
        ]
      },
      {
        "date" : 739870518.873674,
        "title" : "Untitled",
        "transform" : [
          -0.96459913,
          9.12925e-08,
          -0.26372027,
          0,
          -0.11899979,
          0.89240503,
          0.4352611,
          0,
          0.23534536,
          0.45123518,
          -0.8608132,
          0,
          2.2258267,
          2.7985365,
          -8.2149935,
          1
        ]
      }
    ],
    "9D20FCE8-13F5-4723-A06A-1FA2562D0DFD" : [
      {
        "date" : 739003942.149799,
        "title" : "Untitled",
        "transform" : [
          0.9999994,
          -8.051358e-12,
          -0.0010441231,
          0,
          -0.00025321924,
          0.9701467,
          -0.24251845,
          0,
          0.0010129526,
          0.24251856,
          0.9701462,
          0,
          0.00041296144,
          0.0988702,
          0.39551008,
          1
        ]
      },
      {
        "date" : 739003882.066017,
        "title" : "Untitled",
        "transform" : [
          0.99999994,
          0,
          -0,
          0,
          -0,
          0.8660254,
          -0.49999994,
          0,
          0,
          0.49999994,
          0.8660254,
          0,
          0,
          0.20384043,
          0.353062,
          1
        ]
      }
    ],
    "13EFA3DA-83DB-4126-A5A3-377232E970EE" : [
      {
        "date" : 739085214.005445,
        "title" : "Untitled",
        "transform" : [
          0.99999994,
          0,
          0,
          0,
          0,
          0.8660254,
          -0.49999988,
          0,
          0,
          0.49999988,
          0.8660254,
          0,
          0,
          2.0345733,
          3.523985,
          1
        ]
      },
      {
        "date" : 739085196.47275,
        "title" : "Untitled",
        "transform" : [
          0.99999994,
          0,
          -0,
          0,
          -0,
          0.8660254,
          -0.49999988,
          0,
          0,
          0.49999988,
          0.8660254,
          0,
          0,
          0.18721311,
          0.32426265,
          1
        ]
      }
    ],
    "17C96607-18D4-494A-8F5E-E50BFB7506D2" : [
      {
        "date" : 739083406.539507,
        "title" : "Untitled",
        "transform" : [
          0.9710477,
          1.3421047e-08,
          -0.23888595,
          0,
          -0.018398719,
          0.99702966,
          -0.07478895,
          0,
          0.23817651,
          0.07701879,
          0.96816325,
          0,
          -0.03995724,
          0.29794097,
          0.43353468,
          1
        ]
      },
      {
        "date" : 739083402.735027,
        "title" : "Untitled",
        "transform" : [
          0.36527374,
          1.1688774e-08,
          -0.9309002,
          0,
          -0.23523158,
          0.96754664,
          -0.09230196,
          0,
          0.90068936,
          0.25269255,
          0.35341915,
          0,
          0.4225375,
          0.38933322,
          0.2483261,
          1
        ]
      },
      {
        "date" : 739083400.882765,
        "title" : "Untitled",
        "transform" : [
          0.9292734,
          1.3454725e-08,
          -0.3693927,
          0,
          0.019542241,
          0.99859965,
          0.04916203,
          0,
          0.36887553,
          -0.05290375,
          0.927972,
          0,
          0.0255429,
          0.23441313,
          0.4127599,
          1
        ]
      },
      {
        "date" : 739083396.546687,
        "title" : "Untitled",
        "transform" : [
          0.99048734,
          1.6829311e-08,
          -0.1376036,
          0,
          -0.03588287,
          0.96540105,
          -0.25828925,
          0,
          0.13284276,
          0.2607698,
          0.9562175,
          0,
          -0.0965137,
          0.39357752,
          0.41842586,
          1
        ]
      },
      {
        "date" : 739083392.918778,
        "title" : "Untitled",
        "transform" : [
          -0.009295474,
          1.6788068e-08,
          -0.9999568,
          0,
          -0.28762046,
          0.9577408,
          0.0026736837,
          0,
          0.9576994,
          0.28763282,
          -0.008902732,
          0,
          0.50331706,
          0.40785336,
          0.044809517,
          1
        ]
      },
      {
        "date" : 739083388.047937,
        "title" : "Untitled",
        "transform" : [
          0.18198003,
          1.6423796e-08,
          -0.9833022,
          0,
          -0.11802602,
          0.9927703,
          -0.021843111,
          0,
          0.9761932,
          0.12003016,
          0.18066429,
          0,
          0.5041436,
          0.31829268,
          0.14531861,
          1
        ]
      },
      {
        "date" : 739083384.981267,
        "title" : "Untitled",
        "transform" : [
          0.99827707,
          1.5985597e-08,
          -0.058675986,
          0,
          -0.008299912,
          0.989945,
          -0.14120966,
          0,
          0.058086056,
          0.14145328,
          0.9882393,
          0,
          -0.02625115,
          0.3297427,
          0.5319823,
          1
        ]
      },
      {
        "date" : 739083376.142529,
        "title" : "Untitled",
        "transform" : [
          0.99997306,
          1.7427128e-08,
          -0.007339571,
          0,
          -0.003960746,
          0.8418932,
          -0.53962964,
          0,
          0.006179183,
          0.5396441,
          0.84187055,
          0,
          -0.096993834,
          0.98085755,
          0.651735,
          1
        ]
      },
      {
        "date" : 739083352.522389,
        "title" : "Untitled",
        "transform" : [
          0.95320636,
          1.7627553e-08,
          0.30232042,
          0,
          -0.080413744,
          0.9639762,
          0.25354192,
          0,
          -0.29142964,
          -0.26598853,
          0.91886824,
          0,
          -0.99457973,
          0.3782135,
          2.3904233,
          1
        ]
      },
      {
        "date" : 739083340.962412,
        "title" : "Untitled",
        "transform" : [
          0.9756092,
          1.3512135e-08,
          0.21951461,
          0,
          0.0131314425,
          0.9982091,
          -0.058361262,
          0,
          -0.2191215,
          0.05982031,
          0.9738621,
          0,
          -0.33705282,
          0.5489067,
          1.0303806,
          1
        ]
      }
    ],
    "28B05B02-3A8E-4C58-B02F-3A7C20CBA2B6" : [
      {
        "date" : 739084355.077486,
        "title" : "Untitled",
        "transform" : [
          0.90147567,
          -1.0258887e-09,
          -0.43282977,
          0,
          -0.19128306,
          0.8970465,
          -0.39839453,
          0,
          0.3882685,
          0.44193602,
          0.8086657,
          0,
          0.026868274,
          0.24347031,
          0.3173063,
          1
        ]
      },
      {
        "date" : 739084349.320815,
        "title" : "Untitled",
        "transform" : [
          0.96069527,
          5.21292e-14,
          -0.27760497,
          0,
          -0.13954553,
          0.8644745,
          -0.4829191,
          0,
          0.23998241,
          0.5026766,
          0.83049655,
          0,
          -0.026942583,
          0.2638865,
          0.31424117,
          1
        ]
      },
      {
        "date" : 739084347.940971,
        "title" : "Untitled",
        "transform" : [
          0.0016883166,
          5.21292e-14,
          -0.9999985,
          0,
          -0.5026759,
          0.8644745,
          -0.00084867736,
          0,
          0.8644732,
          0.5026766,
          0.0014595067,
          0,
          0.2942192,
          0.2638865,
          0.113615416,
          1
        ]
      },
      {
        "date" : 739084341.722982,
        "title" : "Untitled",
        "transform" : [
          0.0016883166,
          5.21292e-14,
          -0.9999985,
          0,
          -0.5026759,
          0.8644745,
          -0.00084867736,
          0,
          0.8644732,
          0.5026766,
          0.0014595067,
          0,
          2.6217287,
          2.3514402,
          1.0124044,
          1
        ]
      },
      {
        "date" : 739084296.196814,
        "title" : "Untitled",
        "transform" : [
          0.0016883166,
          5.21292e-14,
          -0.9999985,
          0,
          -0.5026759,
          0.8644745,
          -0.00084867736,
          0,
          0.8644732,
          0.5026766,
          0.0014595067,
          0,
          0.23994793,
          0.18784046,
          0.159037,
          1
        ]
      },
      {
        "date" : 739084282.062586,
        "title" : "Untitled",
        "transform" : [
          0.99999994,
          0,
          -0,
          0,
          -0,
          0.8660254,
          -0.49999988,
          0,
          0,
          0.49999988,
          0.8660254,
          0,
          0,
          0.18721311,
          0.32426265,
          1
        ]
      }
    ],
    "28CC7842-CF97-4C18-BC8F-22D6EAB4BDAB" : [
      {
        "date" : 739090469.984216,
        "title" : "Untitled",
        "transform" : [
          0.9438963,
          9.798405e-09,
          0.3302421,
          0,
          0.18326889,
          0.8318815,
          -0.5238182,
          0,
          -0.2747223,
          0.55495316,
          0.78520995,
          0,
          -0.71311677,
          0.87470347,
          0.52034444,
          1
        ]
      },
      {
        "date" : 739090443.234,
        "title" : "Untitled",
        "transform" : [
          0.9740908,
          6.1562524e-09,
          -0.22615759,
          0,
          -0.17772344,
          0.61843127,
          -0.76547843,
          0,
          0.13986285,
          0.78583896,
          0.6024082,
          0,
          0.39298427,
          2.263082,
          1.8351133,
          1
        ]
      },
      {
        "date" : 739090437.35895,
        "title" : "Untitled",
        "transform" : [
          0.9740908,
          6.1562524e-09,
          -0.22615759,
          0,
          -0.17772342,
          0.6184312,
          -0.7654783,
          0,
          0.13986285,
          0.78583896,
          0.6024082,
          0,
          0.0790856,
          0.6472428,
          0.4743128,
          1
        ]
      },
      {
        "date" : 739090433.951375,
        "title" : "Untitled",
        "transform" : [
          0.92115015,
          5.8836797e-10,
          -0.38920748,
          0,
          -0.14927475,
          0.9235262,
          -0.35329348,
          0,
          0.35944325,
          0.3835352,
          0.8507063,
          0,
          0.2279405,
          0.45323637,
          0.72637737,
          1
        ]
      },
      {
        "date" : 739090406.691566,
        "title" : "Untitled",
        "transform" : [
          0.99777025,
          4.439089e-10,
          -0.06674136,
          0,
          -0.025415411,
          0.92465556,
          -0.37995535,
          0,
          0.06171278,
          0.38080445,
          0.92259383,
          0,
          0.06200154,
          0.45171145,
          0.7678571,
          1
        ]
      },
      {
        "date" : 739090399.184622,
        "title" : "Untitled",
        "transform" : [
          0.99777025,
          4.439089e-10,
          -0.06674136,
          0,
          -0.025415411,
          0.92465556,
          -0.37995535,
          0,
          0.06171278,
          0.38080445,
          0.92259383,
          0,
          0.3357277,
          2.16937,
          3.2369103,
          1
        ]
      },
      {
        "date" : 739090394.125157,
        "title" : "Untitled",
        "transform" : [
          0.99777025,
          4.439089e-10,
          -0.06674136,
          0,
          -0.025415411,
          0.92465556,
          -0.37995535,
          0,
          0.06171278,
          0.38080445,
          0.92259383,
          0,
          0.015242692,
          0.15829508,
          0.3460849,
          1
        ]
      },
      {
        "date" : 739090383.170186,
        "title" : "Untitled",
        "transform" : [
          0.99999994,
          0,
          -0,
          0,
          -0,
          0.8660254,
          -0.49999988,
          0,
          0,
          0.49999988,
          0.8660254,
          0,
          0,
          0.18721311,
          0.32426265,
          1
        ]
      }
    ],
    "047F3BF4-9A54-41B6-8EC2-47345A5A208B" : [
      {
        "date" : 739084771.519791,
        "title" : "Untitled",
        "transform" : [
          0.088326834,
          1.4640086e-09,
          -0.9960916,
          0,
          -0.5354524,
          0.8432297,
          -0.04748045,
          0,
          0.839934,
          0.5375534,
          0.07447986,
          0,
          0.28244925,
          0.30950835,
          -0.017294712,
          1
        ]
      },
      {
        "date" : 739084766.798289,
        "title" : "Untitled",
        "transform" : [
          -0.9739559,
          1.530021e-09,
          0.22673754,
          0,
          0.13319269,
          0.80927396,
          0.5721323,
          0,
          -0.18349272,
          0.58743155,
          -0.7881971,
          0,
          -0.20509107,
          0.33062732,
          -0.32015905,
          1
        ]
      },
      {
        "date" : 739084749.552289,
        "title" : "Untitled",
        "transform" : [
          -0.9131114,
          -1.621105e-09,
          -0.40771022,
          0,
          -0.16559832,
          0.91379905,
          0.37087527,
          0,
          0.37256527,
          0.40616667,
          -0.83440024,
          0,
          0.03956417,
          0.252765,
          -0.40049055,
          1
        ]
      },
      {
        "date" : 739084734.109534,
        "title" : "Untitled",
        "transform" : [
          0.100650944,
          3.5825215e-10,
          -0.99492174,
          0,
          -0.6209533,
          0.7813263,
          -0.06281856,
          0,
          0.77735853,
          0.62412286,
          0.078641236,
          0,
          0.3097134,
          0.34216613,
          -0.086285226,
          1
        ]
      },
      {
        "date" : 739084702.230098,
        "title" : "Untitled",
        "transform" : [
          0.37190735,
          5.6840355e-10,
          -0.9282698,
          0,
          -0.3752096,
          0.91466916,
          -0.15032615,
          0,
          0.84905976,
          0.40420318,
          0.3401722,
          0,
          0.31791025,
          0.1513443,
          0.1273694,
          1
        ]
      },
      {
        "date" : 739084692.168593,
        "title" : "Untitled",
        "transform" : [
          0.99999994,
          0,
          -0,
          0,
          -0,
          0.8660254,
          -0.49999988,
          0,
          0,
          0.49999988,
          0.8660254,
          0,
          0,
          0.18721311,
          0.32426265,
          1
        ]
      }
    ],
    "48B6E270-1BE4-4754-B418-449012B4212A" : [
      {
        "date" : 739086616.816449,
        "title" : "Untitled",
        "transform" : [
          0.62485963,
          -1.6396838e-08,
          -0.7807371,
          0,
          -0.527539,
          0.7371825,
          -0.42221373,
          0,
          0.57554567,
          0.6756937,
          0.46063563,
          0,
          0.25314674,
          0.42284387,
          0.27127922,
          1
        ]
      },
      {
        "date" : 739086603.617498,
        "title" : "Untitled",
        "transform" : [
          0.8957512,
          -1.6528102e-08,
          -0.4445557,
          0,
          -0.10118163,
          0.9737543,
          -0.20387445,
          0,
          0.43288806,
          0.2276017,
          0.8722417,
          0,
          0.10865935,
          0.04050101,
          0.3555968,
          1
        ]
      },
      {
        "date" : 739086597.191174,
        "title" : "Untitled",
        "transform" : [
          0.8947448,
          9.023324e-09,
          -0.44657752,
          0,
          -0.40458077,
          0.42336622,
          -0.8106018,
          0,
          0.18906583,
          0.90595853,
          0.37880474,
          0,
          0.02844306,
          0.27215442,
          0.17515364,
          1
        ]
      },
      {
        "date" : 739086589.60388,
        "title" : "Untitled",
        "transform" : [
          0.99999994,
          0,
          -0,
          0,
          -0,
          0.8660254,
          -0.49999988,
          0,
          0,
          0.49999988,
          0.8660254,
          0,
          0,
          0.18721311,
          0.32426265,
          1
        ]
      }
    ],
    "64C6EB53-96C9-44A7-871D-199D1F271F19" : [
      {
        "date" : 739090872.676942,
        "title" : "Untitled",
        "transform" : [
          0.13118511,
          1.228118e-09,
          -0.99135786,
          0,
          -0.8169285,
          0.56651694,
          -0.1081031,
          0,
          0.56162107,
          0.8240501,
          0.0743186,
          0,
          0.51825076,
          0.69071454,
          0.11379841,
          1
        ]
      },
      {
        "date" : 739090868.570847,
        "title" : "Untitled",
        "transform" : [
          0.13118511,
          1.228118e-09,
          -0.99135786,
          0,
          -0.8169286,
          0.566517,
          -0.10810311,
          0,
          0.56162107,
          0.8240501,
          0.0743186,
          0,
          4.086007,
          5.1172314,
          1.1089162,
          1
        ]
      },
      {
        "date" : 739090785.21834,
        "title" : "Untitled",
        "transform" : [
          0.12971765,
          1.228118e-09,
          -0.9915509,
          0,
          -0.8170876,
          0.56651694,
          -0.10689384,
          0,
          0.5617304,
          0.82405,
          0.07348726,
          0,
          0.21032661,
          0.30854598,
          0.027515557,
          1
        ]
      },
      {
        "date" : 739090769.828012,
        "title" : "Untitled",
        "transform" : [
          0.99999994,
          0,
          -0,
          0,
          -0,
          0.8660254,
          -0.49999988,
          0,
          0,
          0.49999988,
          0.8660254,
