{
  "advancedEditorSelectedIdentifier" : "ProjectBrowser",
  "openSceneRelativePaths" : [
    "Whatever.usda",
    "Whatever_on.usda"
  ],
  "recentIdentifiers" : {
    "CD11C75A-51EC-49FE-9A95-B92389BD0ABF" : [

    ]
  },
  "sceneCameraHistory" : {
    "1E0788FF-5E23-494B-BF03-1218EBF19B2B" : [
      {
        "date" : 739002614.47556,
        "title" : "Untitled",
        "transform" : [
          0.99999994,
          0,
          -0,
          0,
          -0,
          0.86777765,
          -0.49695256,
          0,
          0,
          0.49695256,
          0.86777765,
          0,
          -0.0117719155,
          5.8637033,
          8.307749,
          1
        ]
      }
    ],
    "A413349A-320E-410F-BBAF-5D5F23E3A867" : [
      {
        "date" : 739004117.742251,
        "title" : "Untitled",
        "transform" : [
          0.99999994,
          0,
          -0,
          0,
          -0,
          0.86197233,
          -0.5069552,
          0,
          0,
          0.5069552,
          0.86197233,
          0,
          0,
          7.0672708,
          12.399976,
          1
        ]
      },
      {
        "date" : 739004113.36088,
        "title" : "Untitled",
        "transform" : [
          0.99999994,
          0,
          -0,
          0,
          -0,
          0.8660254,
          -0.49999994,
          0,
          0,
          0.49999994,
          0.8660254,
          0,
          0,
          0.1523493,
          0.26387674,
          1
        ]
      }
    ],
    "CD11C75A-51EC-49FE-9A95-B92389BD0ABF" : [
      {
        "date" : 739004077.270151,
        "title" : "Untitled",
        "transform" : [
          0.60704076,
          1.3213537e-07,
          -0.7946707,
          0,
          -0.39411822,
          0.86835015,
          -0.3010627,
          0,
          0.69005245,
          0.4959516,
          0.52712405,
          0,
          -1.1528136,
          0.30242506,
          -0.49964806,
          1
        ]
      },
      {
        "date" : 739003899.158955,
        "title" : "Untitled",
        "transform" : [
          0.6070366,
          9.450277e-06,
          -0.794674,
          0,
          -0.39412478,
          0.8683502,
          -0.3010542,
          0,
          0.69005245,
          0.4959516,
          0.52712405,
          0,
          -1.1528136,
          0.30242506,
          -0.49964806,
          1
        ]
      },
      {
        "date" : 739003890.030499,
        "title" : "Untitled",
        "transform" : [
          -0.99384284,
          -2.6249504e-08,
          0.110799566,
          0,
          0.053238083,
          0.87700015,
          0.47753173,
          0,
          -0.09717124,
          0.48049018,
          -0.8716002,
          0,
          -1.1528136,
          0.30242506,
          -0.49964806,
          1
        ]
      },
      {
        "date" : 739003888.035744,
        "title" : "Untitled",
        "transform" : [
          -0.9938434,
          -8.980964e-06,
          0.110794686,
          0,
          0.05322793,
          0.87700015,
          0.47753283,
          0,
          -0.09717124,
          0.48049018,
          -0.8716002,
          0,
          -1.1528136,
          0.30242506,
          -0.49964806,
          1
        ]
      },
      {
        "date" : 739003864.635821,
        "title" : "Untitled",
        "transform" : [
          -0.9845337,
          -1.4985551e-06,
          -0.17519546,
          0,
          -0.15687267,
          0.4452393,
          0.8815627,
          0,
          0.07800254,
          0.8954116,
          -0.4383533,
          0,
          -1.0872593,
          0.4449134,
          -0.34009653,
          1
        ]
      },
      {
        "date" : 739003855.562228,
        "title" : "Untitled",
        "transform" : [
          -0.9723417,
          -1.4985259e-06,
          0.23356313,
          0,
          0.045892034,
          0.9805053,
          0.19105844,
          0,
          -0.22901016,
          0.19649279,
          -0.9533861,
          0,
          -1.2243382,
          0.12536938,
          -0.46538222,
          1
        ]
      },
      {
        "date" : 739003853.720423,
        "title" : "Untitled",
        "transform" : [
          -0.9723495,
          -8.3570776e-05,
          0.23353067,
          0,
          0.07621209,
          0.94513637,
          0.31766185,
          0,
          -0.22074485,
          0.3266762,
          -0.91899645,
          0,
          -1.2243382,
          0.12536938,
          -0.46538222,
          1
        ]
      },
      {
        "date" : 739003840.042754,
        "title" : "Untitled",
        "transform" : [
          -0.8397349,
          1.6085583e-06,
          0.5429965,
          0,
          0.17111078,
          0.94905156,
          0.2646171,
          0,
          -0.5153313,
          0.31512076,
          -0.796952,
          0,
          -1.2487062,
          0.32776585,
          -0.43860915,
          1
        ]
      },
      {
        "date" : 739003837.667812,
        "title" : "Untitled",
        "transform" : [
          -0.8397349,
          1.6085583e-06,
          0.5429965,
          0,
          0.17111078,
          0.94905156,
          0.2646171,
          0,
          -0.5153313,
          0.31512076,
          -0.796952,
          0,
          -1.3026708,
          0.2613323,
          -0.42998242,
          1
        ]
      },
      {
        "date" : 739003832.071885,
        "title" : "Untitled",
        "transform" : [
          -0.8397349,
          1.6085583e-06,
          0.5429965,
          0,
          0.17111078,
          0.94905156,
          0.2646171,
          0,
          -0.5153313,
          0.31512076,
          -0.796952,
          0,
          -1.2199484,
          0.13795535,
          -0.532257,
          1
        ]
      }
    ]
  },
  "selectedSceneRelativePath" : "Whatever.usda"
}